4589 1
4590 1
4591 1
4592 1
4593 1
4594 1
4595 1
4596 1
4597 1
4598 1
4599 3
4600 2
4625 1
4627 1
4628 1
4629 1
4630 1
4638 3
4639 3
4640 3
4641 3
4642 3
4643 3
4644 3
4648 3
4649 1
4650 1
4651 1
4652 5
4654 7
4660 2
4662 2
4663 2
4686 2
4687 2
4688 2
4689 2
4690 2
4691 2
4692 2
4693 2
4694 1
4696 5
4712 4
4713 5
4733 2
4734 2
4735 2
4736 1
4740 2
4741 1
4742 2
4743 2
4744 2
4745 1
4746 1
4747 4
4787 1
4815 2
4816 2
4817 1
4820 2
4821 2
4822 2
4823 2
4824 1
4825 2
4826 1
4829 2
4830 1
4832 5
4851 2
4852 2
4853 2
4855 2
4856 2
4857 2
4858 2
4860 1
4861 5
4881 2
4882 1
4883 2
4884 2
4885 2
4886 2
4887 2
4888 2
4913 2
4914 2
4915 2
4916 2
4917 2
4918 2
4919 2
4920 2
4921 1
4922 1
4923 1
4924 5
