6571 14
6572 13
6573 13
6574 13
6575 13
6576 7
6577 5
6578 6
6579 7
6582 21
6583 21
6584 21
6585 21
6586 21
6587 20
6588 20
6589 20
6590 16
6592 20
6599 10
6600 8
6601 14
6603 1
6604 13
6605 15
6606 14
6607 12
6608 5
6609 14
6610 5
6611 7
6612 6
6616 13
6617 18
6618 22
6619 19
6620 17
6621 18
6622 19
6623 20
6624 11
6625 24
6626 5
6628 9
6640 5
6643 20
6644 20
6645 17
6646 19
6647 22
6648 22
6649 32
6651 18
6652 20
6653 17
6654 9
6655 9
6657 14
6658 13
6659 15
6660 11
6661 14
6662 15
6663 13
6664 14
6665 13
6666 5
6667 7
6668 4
6671 20
6672 18
6673 18
6674 21
6675 20
6676 19
6677 19
6678 21
6679 20
6680 7
6681 10
6682 7
6683 8
6684 15
6685 12
6686 14
6687 14
6688 7
6689 6
6690 15
