4988 11
4989 6
4990 10
4991 10
4992 10
4993 10
4994 10
4995 11
4996 10
4997 11
4998 10
4999 10
5000 10
5001 8
5002 12
5003 11
5004 9
5006 3
5007 2
5008 1
5011 6
5029 10
5030 11
5031 12
5032 10
5033 10
5034 10
5035 10
5036 10
5037 11
5038 9
5039 9
5040 11
5041 9
5042 10
5043 4
5052 11
5054 9
5055 4
5056 3
5058 6
5080 10
5081 5
5082 11
5083 11
5084 10
5086 14
5087 10
5088 9
5089 10
5090 10
5091 10
5092 10
5093 10
5094 10
5095 6
5096 3
5097 3
5101 6
5121 9
5122 11
5134 9
5135 11
5136 10
5137 11
5138 11
5139 10
5140 10
5141 11
5142 10
5143 10
5144 10
5147 11
5148 11
