4972 4
4973 4
4974 4
4975 4
4976 4
4977 4
4979 5
4980 2
4981 1
4983 2
4988 11
4989 6
4990 10
4991 10
4992 10
4993 10
4994 10
4995 11
4996 10
4997 11
4998 10
4999 10
5000 10
5001 8
5002 12
5003 11
5004 9
5006 3
5007 2
5008 1
5011 6
5012 4
5013 4
5014 4
5015 5
5016 4
5017 5
5018 4
5019 4
5020 2
5021 1
5024 5
5029 10
5030 11
5031 12
5032 10
5033 10
5034 10
5035 10
5036 10
5037 11
5038 9
5039 9
5040 11
5041 9
5042 10
5043 4
5052 11
5054 9
5055 4
5056 3
5058 6
5059 5
5060 4
5062 5
5063 5
5064 5
5065 4
5066 5
5067 1
5069 2
5073 1
5075 2
5076 17
5080 10
5081 5
5082 11
5083 11
5084 10
5086 14
5087 10
5088 9
5089 10
5090 10
5091 10
5092 10
5093 10
5094 10
5095 6
5096 3
5097 3
5101 6
5102 1
5103 5
5104 5
5106 5
5107 5
5108 5
5109 5
5110 5
5111 5
5112 2
5113 1
5118 5
5121 9
5122 11
5134 9
5135 11
5136 10
5137 11
5138 11
5139 10
5140 10
5141 11
5142 10
5143 10
5144 10
5147 11
5148 11
5154 5
5155 6
5176 5
5177 5
5178 6
5179 6
5180 5
5181 5
5182 5
