4637 2
4638 3
4639 3
4640 3
4641 3
4642 3
4643 3
4644 3
4648 3
4649 1
4650 1
4651 1
4652 5
4654 7
4660 2
4662 2
4663 2
4686 2
4687 2
4688 2
4689 2
4690 2
4691 2
4692 2
4693 2
4694 1
4696 5
4712 4
4713 5
4715 2
4716 5
4717 3
4718 8
4719 5
4720 5
4721 5
4722 6
4723 5
4724 6
4725 7
4726 5
4727 5
4728 2
4729 1
4731 5
4733 2
4734 2
4735 2
4736 1
4740 2
4741 1
4742 2
4743 2
4744 2
4745 1
4746 1
4747 4
4787 1
4792 5
4793 4
4794 7
4795 5
4796 5
4797 2
4798 6
4799 5
4800 4
4801 5
4802 5
4803 5
4804 2
4805 1
4806 6
4808 2
4809 2
4815 2
4816 2
4817 1
4820 2
4821 2
4822 2
4823 2
4824 1
4825 2
4826 1
4829 2
4830 1
4832 5
4835 5
4836 5
4837 4
4838 4
4839 5
4840 5
4841 5
4842 5
4843 4
4844 5
4845 6
4846 5
4847 2
4848 2
4850 7
4851 2
4852 2
4853 2
4855 2
4856 2
4857 2
4858 2
4860 1
4861 5
4864 5
4865 3
4866 5
4867 5
4868 4
4869 5
4870 5
4871 5
4872 5
4873 5
4874 5
4875 4
4876 2
4877 1
4879 5
4881 2
4882 1
4883 2
4884 2
4885 2
4886 2
4887 2
4888 2
4897 5
4899 4
4900 5
4901 5
4902 5
4903 5
4904 5
4905 5
4906 5
4907 5
4909 5
4911 1
4912 6
4913 2
4914 2
4915 2
4916 2
4917 2
4918 2
4919 2
4920 2
4921 1
4922 1
4923 1
4924 5
4928 5
4929 5
4930 5
4931 5
4933 5
4934 5
4935 5
4936 5
4937 5
4938 5
4939 5
4940 5
4942 2
4943 1
4944 2
4945 1
4946 2
4947 2
4948 1
4949 2
4951 2
4952 1
