5990 10
5992 13
5993 9
5994 12
5995 9
5996 9
5997 9
5998 4
5999 3
6000 3
6003 3
6009 17
6011 2
6012 13
6013 16
6014 16
6015 16
6016 16
6017 16
6019 15
6020 16
6021 16
6022 17
6023 15
6024 15
6025 15
6026 15
6027 7
6028 4
6030 6
6032 8
6033 8
6034 8
6035 9
6036 9
6037 10
6038 10
6039 10
6040 4
6041 3
6042 5
6043 3
6047 15
6048 11
6049 26
6050 16
6051 17
6052 17
6053 16
6054 11
6055 7
6056 16
6057 17
6059 17
6060 17
6061 18
6062 18
6064 11
6065 17
6066 18
6067 16
6068 6
6069 3
6071 7
6072 8
6073 9
6074 9
6075 8
6076 8
6077 9
6078 9
6079 9
6080 4
6081 3
6082 3
6086 4
6087 16
6088 8
6089 18
6090 16
6091 15
6092 5
6094 10
6095 17
6096 14
6097 15
6098 17
6099 16
6100 18
6101 2
6102 17
6103 17
6104 17
6105 17
6106 7
6107 4
6108 5
6111 10
6112 10
6114 9
6116 9
6120 3
6124 16
6125 16
6126 10
6127 13
6128 14
6129 16
6130 17
6131 18
6132 22
6133 21
6134 16
6135 18
6136 16
6137 18
6138 19
6139 16
6140 17
6141 6
6725 11
6726 11
6727 13
6728 8
6729 8
6730 2
6731 3
6773 16
6774 16
6775 16
6776 17
6777 10
6778 6
6779 17
6780 17
6781 17
6782 16
6783 17
6784 7
6785 10
6786 11
6787 11
6788 12
6789 11
6790 12
6791 11
6794 17
6795 19
6796 16
6797 16
6798 16
6799 17
6800 17
6801 7
6802 11
6803 17
6804 17
6805 16
6806 17
6807 12
6808 10
6809 10
6810 10
6811 10
6816 16
6817 18
6818 16
6819 16
6820 8
6821 9
6822 16
6823 17
6824 16
6825 6
6826 11
6827 5
