4637 2
4715 2
4716 5
4717 3
4718 8
4719 5
4720 5
4721 5
4722 6
4723 5
4724 6
4725 7
4726 5
4727 5
4728 2
4729 1
4731 5
4792 5
4793 4
4794 7
4795 5
4796 5
4797 2
4798 6
4799 5
4800 4
4801 5
4802 5
4803 5
4804 2
4805 1
4806 6
4808 2
4809 2
4835 5
4836 5
4837 4
4838 4
4839 5
4840 5
4841 5
4842 5
4843 4
4844 5
4845 6
4846 5
4847 2
4848 2
4850 7
4864 5
4865 3
4866 5
4867 5
4868 4
4869 5
4870 5
4871 5
4872 5
4873 5
4874 5
4875 4
4876 2
4877 1
4879 5
4897 5
4899 4
4900 5
4901 5
4902 5
4903 5
4904 5
4905 5
4906 5
4907 5
4909 5
4911 1
4912 6
4928 5
4929 5
4930 5
4931 5
4933 5
4934 5
4935 5
4936 5
4937 5
4938 5
4939 5
4940 5
4942 2
4943 1
4944 2
