6404 7
6407 4
6408 4
6409 4
6410 4
6411 4
6412 4
6413 5
6414 4
6415 4
6418 4
6420 2
6421 3
6428 11
6429 9
6430 8
6431 3
6432 4
6433 4
6434 4
6435 4
6436 5
6437 4
6438 5
6439 5
6440 4
6441 5
6442 2
6443 2
6445 2
6454 2
6458 8
6459 8
6460 8
6461 9
6462 8
6463 9
6464 8
6465 7
6466 7
6467 8
6468 7
6469 10
6470 11
6473 5
6474 6
6475 3
6477 5
6478 4
6479 4
6480 6
6481 4
6482 5
6483 5
6484 5
6485 2
6486 2
6487 2
6504 3
6506 8
6507 8
6514 8
6515 8
6516 10
6518 8
6519 9
6520 9
6521 5
6534 3
6539 8
6540 9
6541 8
6542 8
6543 8
6544 9
6545 7
6546 8
6547 8
6552 9
6553 9
6554 8
6555 9
6556 4
6562 6
6566 6
6567 6
6568 5
