2325 4
2338 5
2339 15
2340 16
2341 11
2342 9
2343 2
2344 1
2346 4
2347 2
2349 3
2354 5
2356 2
2357 1
2358 3
2359 2
2361 5
2365 2
2366 1
2367 6
2372 3
2375 6
2376 5
2377 1
2378 1
2379 3
2380 1
2382 2
2383 6
2384 10
2385 12
2386 12
2387 11
2388 2
2389 1
2391 6
2392 4
2395 1
2396 8
2397 1
2398 7
2399 1
2400 1
2401 4
2402 3
2403 4
2404 19
2405 16
2406 2
2408 6
2409 3
2411 6
2412 2
2415 7
2416 2
2417 9
2418 1
2419 5
2420 1
2421 3
2422 4
2423 10
2424 3
2425 11
2426 10
2427 2
2429 4
2431 2
2432 4
2435 8
2436 8
2437 1
2438 1
2439 4
2441 5
2444 11
2445 12
2446 12
2447 2
2450 5
2452 2
2454 5
2455 1
2463 8
2465 1
2466 1
2467 4
2468 3
2469 1
2470 11
2471 11
2474 13
2475 3
2476 1
2477 5
2478 2
2479 4
2482 9
2483 2
2484 6
2485 2
2487 1
2488 1
2489 4
2490 6
2494 7
2495 3
2498 4
