3119 13
3120 14
3121 3
3122 1
3123 1
3126 5
3127 2
3128 1
3130 3
3138 16
3140 17
3141 19
3142 3
3143 1
3146 3
3149 4
3174 11
3176 3
3177 2
3178 1
3179 4
3180 10
3181 3
3182 4
3185 14
3186 16
3187 14
3189 15
3190 3
3191 1
3194 3
3195 3
3220 11
3221 12
3222 2
3223 1
3226 3
3227 4
3231 16
3232 15
3233 16
3234 15
3235 15
3236 2
3237 1
3270 12
3271 13
3272 2
3273 1
3277 2
3278 4
3281 14
3282 14
3283 14
3284 15
3285 14
3286 2
3287 1
3292 1
3293 2
3294 3
3319 4
3320 4
3321 1
3327 3
3330 2
3331 13
3332 11
3333 16
3334 15
3335 15
3336 14
3337 2
3339 1
