2524 14
2526 14
2527 15
2528 11
2529 13
2530 3
2531 1
2534 2
2536 3
2539 11
2540 6
2541 6
2547 2
2548 1
2550 2
2551 4
2552 13
2553 14
2554 15
2555 13
2556 15
2557 3
2558 1
2560 4
2561 3
2564 12
2565 7
2566 4
2567 2
2568 1
2571 5
2572 2
2573 8
2576 12
2577 11
2580 11
2581 14
2582 11
2583 2
2584 1
2588 2
2591 3
2594 10
2598 10
2599 2
2600 1
2606 3
2607 15
2608 15
2610 4
2611 16
2612 10
2613 14
2614 3
2615 1
2621 2
2622 3
2625 9
2626 12
2628 2
2629 1
2632 2
2633 3
2635 14
2636 12
2637 12
2639 13
2640 2
2641 1
2645 2
2646 3
2649 3
2650 12
2651 9
2652 2
2653 1
2657 2
2658 3
2659 14
2661 11
2662 14
2663 12
2664 16
2665 3
2666 1
2670 2
2672 3
2677 11
2679 11
2680 2
2681 1
2684 2
2685 3
2686 56
2687 50
2688 51
2689 57
2690 56
2691 61
2692 13
2693 4
2696 2
2697 3
2700 9
2701 10
2705 2
2706 1
2710 2
2711 2
2713 14
2714 15
2715 13
2716 5
2717 7
2719 8
2720 13
2722 3
2723 1
2726 1
2727 3
2730 10
2731 11
