6187 3
6188 5
6189 2
6190 4
6191 4
6192 2
6193 4
6194 2
6195 1
6196 7
6197 1
6201 10
6202 11
6203 10
6204 11
6205 5
6206 13
6207 11
6208 11
6209 10
6210 12
6218 2
6219 4
6220 4
6221 4
6222 2
6223 1
6224 2
6226 2
6231 11
6232 12
6233 13
6234 6
6235 17
6236 10
6237 13
6238 12
6239 5
6240 8
6241 1
6242 11
6243 11
6244 4
6251 5
6252 5
6253 4
6254 5
6255 5
6256 5
6257 2
6258 1
6259 3
6264 9
6265 12
6266 11
6267 10
6268 10
6269 11
6270 10
6271 8
6272 11
6273 11
6274 10
6275 11
6277 5
6278 2
6279 4
6280 4
6281 4
6282 4
6283 4
6284 4
6285 4
6286 3
6287 4
6288 2
6289 1
6290 2
6294 2
6295 12
6296 12
6297 11
6298 12
6299 12
6300 11
6301 11
6302 1
6303 12
6304 11
6305 11
6306 11
6307 11
6308 4
6309 2
6310 6
6311 4
6312 3
6313 5
6314 4
6315 4
6316 4
6317 4
6318 4
6319 1
6321 1
6322 3
6326 11
6327 10
6328 11
6329 10
6330 10
6331 9
6332 11
6333 11
6334 11
6335 11
6336 12
6337 11
6338 5
6339 2
6340 5
6341 5
6343 4
6344 5
6345 4
6346 5
6347 4
6348 4
6349 2
6358 2
6381 11
6382 11
6384 11
6386 11
6387 10
6388 12
6389 12
6390 11
6392 10
6393 11
6394 5
6396 2
6397 4
6398 4
6399 4
6400 4
6401 4
6402 5
