3420 2
3421 2
3422 1
3423 1
3428 1
3429 3
3430 5
3431 4
3432 1
3433 6
3434 6
3435 7
3436 3
3437 1
3438 1
3443 1
3446 3
3478 2
3479 2
3480 1
3482 1
3485 1
3486 3
3490 7
3491 6
3492 7
3493 7
3494 7
3495 1
3497 1
3500 1
3502 3
3526 2
3527 2
3528 1
3529 1
3532 1
3533 2
3536 6
3537 7
3539 2
3540 7
3541 7
3542 1
3543 1
3547 1
3548 5
3571 7
3572 7
3573 7
3574 7
3575 2
3576 1
3579 1
3580 7
3581 2
3582 1
3583 2
3584 1
3585 1
3604 1
3605 2
3606 2
3607 1
3608 1
3610 2
3613 3
3614 4
3615 3
3616 4
3617 1
3618 1
3620 3
3641 1
3643 2
3648 4
3649 4
3650 4
3651 4
3652 1
3653 1
3655 3
