6201 10
6202 11
6203 10
6204 11
6205 5
6206 13
6207 11
6208 11
6209 10
6210 12
6231 11
6232 12
6233 13
6234 6
6235 17
6236 10
6237 13
6238 12
6239 5
6240 8
6241 1
6242 11
6243 11
6244 4
6264 9
6265 12
6266 11
6267 10
6268 10
6269 11
6270 10
6271 8
6272 11
6273 11
6274 10
6275 11
6277 5
6278 2
6279 4
6294 2
6295 12
6296 12
6297 11
6298 12
6299 12
6300 11
6301 11
6302 1
6303 12
6304 11
6305 11
6306 11
6307 11
6308 4
6309 2
6310 6
6326 11
6327 10
6328 11
6329 10
6330 10
6331 9
6332 11
6333 11
6334 11
6335 11
6336 12
6337 11
6338 5
6339 2
6340 5
6381 11
6382 11
6384 11
6386 11
6387 10
6388 12
6389 12
6390 11
6392 10
6393 11
6394 5
6396 2
