5524 2
5525 1
5526 2
5527 2
5528 1
5529 2
5530 1
5531 2
5532 2
5533 1
5534 1
5535 1
5536 1
5540 3
5541 3
5542 3
5543 3
5544 3
5545 3
5546 3
5547 3
5548 3
5549 3
5550 3
5553 3
5554 3
5555 3
5556 2
5557 1
5558 1
5559 1
5560 2
5561 2
5562 2
5563 2
5564 2
5565 2
5566 1
5567 2
5568 1
5569 1
5570 1
5571 1
5575 3
5576 3
5577 3
5578 3
5579 3
5580 3
5581 3
5582 3
5583 1
5584 3
5585 3
5587 3
5588 3
5589 3
5590 3
5591 3
5592 1
5593 1
5594 1
5595 2
5596 2
5597 2
5598 2
5599 2
5600 2
5601 2
5602 2
5603 1
5604 1
5606 2
5610 3
5611 3
5612 3
5613 1
5614 3
5615 3
5616 3
5617 3
5618 1
5619 2
5620 1
5623 2
5626 3
5627 3
5629 3
5630 3
5631 3
5632 3
5633 3
5634 3
5638 1
5639 1
5640 2
5641 2
5642 2
5643 2
5644 2
5646 2
5647 2
5648 2
5649 1
5650 1
5651 1
5652 2
5657 3
5658 3
5659 3
5660 3
5661 3
5662 3
5663 3
5664 3
5665 3
5666 3
5667 3
5668 3
5669 3
5670 3
5671 3
5672 1
5673 1
5674 1
5675 2
5676 1
5677 1
5678 2
5679 2
5680 2
5681 2
5682 2
5683 2
5684 1
5685 1
5686 1
5690 3
5691 3
5692 3
5693 3
5694 3
5695 3
5696 3
5697 3
5698 3
5699 3
5700 3
5701 3
5702 1
5703 3
5704 3
5705 3
5706 1
5707 1
5708 3
5709 3
5710 2
5711 2
5712 2
5713 2
5714 2
5715 2
5716 2
5717 2
5718 1
5719 1
5721 1
5728 3
5732 2
5736 3
5737 2
5738 3
5739 3
5740 2
5742 1
5743 3
5744 3
5745 3
5746 3
5747 3
5748 3
5749 3
5750 2
5751 4
5752 3
5753 1
5769 1
5770 1
5771 1
5772 7
5773 1
5774 1
5775 2
5776 2
5777 2
5778 2
5779 2
5780 2
5781 2
5782 1
5783 1
5784 2
5785 3
5788 3
5789 3
5790 3
5791 3
5792 3
5793 3
5794 3
5795 3
5796 4
5797 3
5798 2
5799 3
5800 3
5801 3
5802 3
5803 1
5804 1
5805 2
5806 2
5807 2
5808 2
5809 2
5810 2
5811 2
5812 2
5816 1
5819 2
5822 3
5823 4
5824 4
5825 4
5826 4
5827 4
5828 3
5829 4
5830 3
5831 3
5832 3
5833 3
5834 4
5835 3
5836 3
5837 2
5838 1
5839 3
5840 2
5841 2
5842 2
5843 2
5844 2
5845 1
5846 1
5847 2
5848 2
5849 1
5850 1
5851 1
5852 4
5855 4
5856 4
5857 4
5858 4
5859 4
5860 4
5861 3
5862 4
5863 4
5864 4
5865 3
5866 3
5867 3
5868 3
5869 3
5870 2
5871 2
5872 3
5874 2
5875 2
5876 2
5877 2
5878 2
5879 2
5880 2
5881 2
5882 1
5883 1
5884 2
5887 4
5888 4
5889 3
5890 4
5891 3
5892 3
6742 2
6743 2
6744 2
6745 2
6747 1
6748 2
6749 1
6763 2
6764 2
6765 1
6766 2
6767 2
6768 2
