4253 3
4254 3
4255 1
4256 1
4259 1
4262 6
4263 6
4264 6
4265 7
4266 3
4267 1
4270 2
4300 6
4301 6
4302 8
4303 7
4304 2
4305 1
4306 1
4308 6
4312 11
4313 12
4314 12
4315 11
4316 12
4317 12
4318 11
4319 12
4320 3
4321 3
4323 2
4324 6
4350 6
4351 8
4352 8
4353 2
4354 2
4355 1
4356 7
4359 12
4360 13
4361 11
4362 12
4363 12
4364 12
4365 4
4366 9
4367 12
4368 3
4369 3
4370 1
4371 1
4372 5
4397 7
4398 6
4399 7
4400 7
4401 2
4402 1
4403 1
4404 6
4407 12
4408 13
4409 6
4410 13
4411 11
4484 7
4485 6
4487 3
4488 6
4489 7
4490 2
4491 1
4492 1
4493 6
4496 11
4498 6
4499 10
4500 8
4501 11
4502 11
4503 10
4504 11
4505 10
4506 3
4507 3
4508 2
4509 1
4551 6
4555 6
4556 2
4557 1
4558 6
4561 12
4562 11
4563 11
4564 10
4565 3
4566 2
4568 6
