3389 3
3390 3
3394 3
3395 3
3396 1
3397 1
3401 1
3402 4
3403 2
3404 2
3405 1
3406 1
3410 1
3412 2
3447 1
3449 1
3450 1
3451 1
3457 1
3458 2
3461 2
3465 2
3466 2
3467 2
3468 2
3469 2
3470 1
3471 1
3476 1
3477 2
3503 1
3504 1
3505 1
3506 1
3509 1
3511 1
3514 1
3515 2
3516 2
3517 1
3518 2
3519 2
3520 1
3521 1
3524 1
3525 2
3549 2
3551 3
3552 4
3553 1
3554 1
3557 1
3558 3
3559 1
3560 1
3561 1
3562 1
3565 1
3566 2
3586 1
3590 1
3591 1
3593 1
3596 3
3597 3
3599 3
3600 1
3601 1
3603 3
3621 1
3622 1
3623 1
3624 1
3626 1
3629 3
3630 3
3631 3
3632 3
3633 1
3634 1
3637 3
3658 1
3659 1
3660 1
3661 1
