4224 2
4226 5
4227 5
4228 1
4229 1
4233 5
4242 5
4243 4
4244 3
4245 4
4246 4
4247 8
4248 2
4249 1
4252 1
4271 5
4272 4
4273 4
4274 4
4275 1
4276 1
4278 6
4283 17
4284 16
4285 17
4286 17
4288 21
4291 14
4293 18
4294 18
4295 4
4296 4
4297 2
4298 1
4299 6
4328 6
4329 10
4330 10
4331 2
4332 2
4333 1
4334 6
4337 17
4338 18
4339 17
4340 17
4341 15
4342 17
4343 16
4344 17
4345 4
4346 4
4347 3
4348 4
4373 9
4374 11
4375 9
4376 10
4377 2
4378 2
4379 1
4380 6
4383 17
4384 17
4385 19
4386 18
4387 18
4388 17
4389 17
4390 16
4391 4
4392 3
4393 3
4394 3
4444 1
4445 6
4449 18
4450 17
4453 16
4454 17
4455 16
4456 17
4457 17
4458 16
4459 2
4478 4
4479 4
4480 3
4510 9
4511 8
4512 9
4513 10
4514 2
4515 2
4516 1
4517 4
4538 5
4539 1
4545 17
4546 15
4547 15
4548 4
4549 3
4550 6
