1803 5
1807 1
1809 2
1810 1
1811 1
1817 6
1818 4
1819 7
1820 5
1821 5
1822 5
1824 3
1825 1
1826 2
1827 2
1828 2
1829 2
1830 1
1831 1
1834 5
1835 2
1836 3
1837 5
1838 5
1839 6
1840 6
1845 16
1847 9
1848 2
1849 1
1851 2
1856 8
1859 3
1863 5
1864 4
1865 6
1866 5
1867 6
1875 2
1876 1
1877 2
1878 2
1879 2
1881 1
1882 2
1883 1
1885 2
1886 1
1887 1
1890 6
1891 6
1892 6
1895 5
1896 2
1897 2
1898 2
1899 2
1901 5
1904 6
1905 6
1906 6
1907 5
1908 3
1910 6
1911 3
1913 2
1914 1
1916 2
1917 2
1918 2
1919 2
1920 2
1921 1
1922 1
1926 5
1927 5
1933 7
1934 1
1935 2
1936 2
1937 2
1954 2
1990 4
1991 4
1992 4
1993 4
1994 1
1995 1
2007 3
2011 1
2013 4
2014 1
2015 1
2016 4
2017 4
2018 7
2019 7
