5524 2
5525 1
5526 2
5527 2
5528 1
5529 2
5530 1
5531 2
5532 2
5533 1
5534 1
5535 1
5536 1
5560 2
5561 2
5562 2
5563 2
5564 2
5565 2
5566 1
5567 2
5568 1
5569 1
5570 1
5571 1
5595 2
5596 2
5597 2
5598 2
5599 2
5600 2
5601 2
5602 2
5603 1
5604 1
5606 2
5640 2
5641 2
5642 2
5643 2
5644 2
5646 2
5647 2
5648 2
5649 1
5650 1
5651 1
5652 2
5675 2
5676 1
5677 1
5678 2
5679 2
5680 2
5681 2
5682 2
5683 2
5684 1
5685 1
5686 1
5709 3
5710 2
5711 2
5712 2
5713 2
5714 2
5715 2
5716 2
5717 2
5718 1
5719 1
5721 1
5773 1
5774 1
5775 2
5776 2
5777 2
5778 2
5779 2
5780 2
5781 2
5782 1
5783 1
5784 2
5785 3
5806 2
5807 2
5808 2
5809 2
5810 2
5811 2
5812 2
5816 1
5819 2
5840 2
5841 2
5842 2
5843 2
5844 2
5845 1
5846 1
5847 2
5848 2
5849 1
5850 1
5851 1
5852 4
5874 2
5875 2
5876 2
5877 2
5878 2
5879 2
5880 2
5881 2
5882 1
5883 1
5884 2
6745 2
6747 1
6748 2
6749 1
6767 2
6768 2
